# CMSC 5718 Assignment 2 - Results Summary
## Student Number: 1155239333

## Q1(i): Annualized Standard Deviation

| Stock | Ann. Std Dev |
|-------|-------------|
| 267 | 0.341760 (34.1760%) |
| 388 | 0.364321 (36.4321%) |
| 700 | 0.308836 (30.8836%) |
| 941 | 0.165805 (16.5805%) |
| 981 | 0.631763 (63.1763%) |
| 1801 | 0.575558 (57.5558%) |
| 2319 | 0.445699 (44.5699%) |
| 2899 | 0.408475 (40.8475%) |
| 9888 | 0.449590 (44.9590%) |
| 9988 | 0.455482 (45.5482%) |
| HSI | 0.246700 (24.6700%) |

## Q1(ii): Annualized Covariance Matrix

| | 267 | 388 | 700 | 941 | 981 | 1801 | 2319 | 2899 | 9888 | 9988 |
|---|---|---|---|---|---|---|---|---|---|---|
| 267 | 0.116800 | 0.087314 | 0.062246 | 0.029323 | 0.103980 | 0.054206 | 0.089847 | 0.058702 | 0.079160 | 0.082971 |
| 388 | 0.087314 | 0.132730 | 0.082454 | 0.031840 | 0.120018 | 0.075792 | 0.106265 | 0.065603 | 0.095155 | 0.111416 |
| 700 | 0.062246 | 0.082454 | 0.095380 | 0.022795 | 0.086679 | 0.063916 | 0.068810 | 0.052778 | 0.083140 | 0.100631 |
| 941 | 0.029323 | 0.031840 | 0.022795 | 0.027491 | 0.029371 | 0.011013 | 0.026715 | 0.023403 | 0.025929 | 0.028115 |
| 981 | 0.103980 | 0.120018 | 0.086679 | 0.029371 | 0.399124 | 0.104301 | 0.117107 | 0.088757 | 0.108035 | 0.132933 |
| 1801 | 0.054206 | 0.075792 | 0.063916 | 0.011013 | 0.104301 | 0.331267 | 0.061760 | 0.059166 | 0.064802 | 0.085905 |
| 2319 | 0.089847 | 0.106265 | 0.068810 | 0.026715 | 0.117107 | 0.061760 | 0.198647 | 0.058726 | 0.091829 | 0.091946 |
| 2899 | 0.058702 | 0.065603 | 0.052778 | 0.023403 | 0.088757 | 0.059166 | 0.058726 | 0.166852 | 0.070906 | 0.082257 |
| 9888 | 0.079160 | 0.095155 | 0.083140 | 0.025929 | 0.108035 | 0.064802 | 0.091829 | 0.070906 | 0.202131 | 0.136788 |
| 9988 | 0.082971 | 0.111416 | 0.100631 | 0.028115 | 0.132933 | 0.085905 | 0.091946 | 0.082257 | 0.136788 | 0.207463 |

## Q2(i)(a): Equal Weight Portfolio (EW)

- Expected Return: 0.315694 (31.5694%)
- Standard Deviation: 0.291676 (29.1676%)

## Q2(i)(b): Global Minimum Variance Portfolio (MV)

| Stock | Weight |
|-------|--------|
| 267 (Citic Limited) | 0.000000 (0.0000%) |
| 388 (HK Exchanges) | 0.000000 (0.0000%) |
| 700 (Tencent) | 0.025462 (2.5462%) |
| 941 (China Mobile) | 0.924554 (92.4554%) |
| 981 (SMIC) | 0.000000 (0.0000%) |
| 1801 (Innovent Bio) | 0.043588 (4.3588%) |
| 2319 (Mengniu Dairy) | 0.000000 (0.0000%) |
| 2899 (Zijin Mining) | 0.006395 (0.6395%) |
| 9888 (Baidu) | 0.000000 (0.0000%) |
| 9988 (Alibaba) | 0.000000 (0.0000%) |

- Expected Return: 0.130317 (13.0317%)
- Standard Deviation: 0.163179 (16.3179%)

## Q2(i)(c): Optimal Portfolio (OP / Tangency)

| Stock | Weight |
|-------|--------|
| 267 (Citic Limited) | 0.033611 (3.3611%) |
| 388 (HK Exchanges) | 0.177340 (17.7340%) |
| 700 (Tencent) | 0.224975 (22.4975%) |
| 941 (China Mobile) | 0.069107 (6.9107%) |
| 981 (SMIC) | 0.027569 (2.7569%) |
| 1801 (Innovent Bio) | 0.086696 (8.6696%) |
| 2319 (Mengniu Dairy) | 0.000000 (0.0000%) |
| 2899 (Zijin Mining) | 0.000000 (0.0000%) |
| 9888 (Baidu) | 0.059578 (5.9578%) |
| 9988 (Alibaba) | 0.321124 (32.1124%) |

- Expected Return: 0.363481 (36.3481%)
- Standard Deviation: 0.317985 (31.7985%)
- Sharpe Ratio: 1.051876

## Q2(ii)(a): Equal Risk Contribution Portfolio (ERC)

| Stock | Weight | MRC | TRC | TRC% |
|-------|--------|-----|-----|------|
| 267 | 0.094561 | 0.267752 | 0.025319 | 10.0000% |
| 388 | 0.080713 | 0.313691 | 0.025319 | 10.0000% |
| 700 | 0.101741 | 0.248855 | 0.025319 | 10.0000% |
| 941 | 0.249146 | 0.101622 | 0.025319 | 10.0000% |
| 981 | 0.061096 | 0.414408 | 0.025319 | 10.0000% |
| 1801 | 0.083685 | 0.302547 | 0.025319 | 10.0000% |
| 2319 | 0.081439 | 0.310891 | 0.025319 | 10.0000% |
| 2899 | 0.098585 | 0.256823 | 0.025319 | 10.0000% |
| 9888 | 0.078112 | 0.324134 | 0.025319 | 10.0000% |
| 9988 | 0.070921 | 0.356999 | 0.025319 | 10.0000% |

- Expected Return: 0.275899 (27.5899%)
- Standard Deviation: 0.253188 (25.3188%)

## Q2(ii)(b): Leveraged ERC Portfolio (ERC-L)

- Leverage Factor: 1.152013
- ERC-L Expected Return: 0.313431 (31.3431%)
- ERC-L Standard Deviation: 0.291676 (29.1676%)

## Q3: Portfolio Performance (Feb 2 - Mar 2, 2026)

### Stock Prices

| Stock | Feb 2 | Mar 2 | Return |
|-------|-------|-------|--------|
| 267 | 12.20 | 12.25 | 0.4098% |
| 388 | 424.20 | 411.00 | -3.1117% |
| 700 | 598.00 | 511.50 | -14.4649% |
| 941 | 78.70 | 78.50 | -0.2541% |
| 981 | 72.20 | 64.60 | -10.5263% |
| 1801 | 77.80 | 82.60 | 6.1697% |
| 2319 | 16.50 | 15.54 | -5.8182% |
| 2899 | 39.56 | 46.04 | 16.3802% |
| 9888 | 141.40 | 118.50 | -16.1952% |
| 9988 | 164.70 | 136.40 | -17.1828% |
| HSI | 26776.00 | 26059.85 | -2.6746% |

### Portfolio Performance

| Portfolio | Initial Value | Final Value | Return |
|-----------|---------------|-------------|--------|
| EW | $1,000,000 | $955,406.49 | -4.4594% |
| MV | $1,000,000 | $997,704.21 | -0.2296% |
| 0.7OP+0.3r | $1,000,000 | $930,332.48 | -6.9668% |
| ERC | $1,000,000 | $967,831.43 | -3.2169% |
| ERC-L | $1,000,000 | $962,603.19 | -3.7397% |
| HSI | $1,000,000 | $973,254.03 | -2.6746% |
